6376480
6367320
6363589
6362552
6362514
6358360
6354769
6352249
6322148
6308290
6303291
6302924
6302869
6293999
6287323
6287293
6273365
6246170
6135712
6370680
6366031
6365998
6362910
6360383
6359307
6357312
6353105
6344650
6329480
6318939
6318863
6308053
6307399
6306722
6303250
6291506
6283978
6281983
6278097
6277673
6376482
6384156
6384090
6385955
6387935
6392854
6392999
6393768
6394468
6400188
6400151
6400109
6400979
6407707
6418160
6419392
6422401
6422873
6425555
6425716
6430129
6431204
6449725
6449693
6449453
6449282
6450312
6442299
6453901
6457171
6460538
6462246
6462411
6470276
6472931
6476896
6478791
6479191
6483450
6482867
6482858
6482856
6482825
6482818
6482871
6482855
6486664
6487328
6487112
6487467
6492422
6494967
6495679
6501508
6500905
6511820
6513491
6523795
6521696
6524289
6524567
6530050
6528148
6534243
6536648
6536262
6539232
6539287
6541630
6543251
6553780
6553707
6563641
6563200
6564743
6564481
6566161
6571983
6564464
6569134
6573485
6575805
6581067
6583240
6585032
6586903
6595899
6603517
6599476
6604842
6604632
6603625
6605867
6606069
6606515
6606386
6592197
6613550
6613241
6614734
6615623
6610422
6615767
6615469
6617014
6621174
6625177
6625693
6627529
6627703
6622377
6629520
6638280
6640868
6641634
6650673
6649562
6646744
6644419
6653759
6665131
6665203
6672564
6672513
6672254
6670381
6675076
6682017
6685467
6685559
6685900
6687321
6687229
6688760
6688697
6689656
6689877
6697808
6706626
6709558
6709509
6709717
6712592
6713723
6713690
6714975
6717041
